1143182
852721
6713490
705775
8003750
8298750
7729601
6039030
1991705
3133307
7304345
3155512
1244542
6091089
3998741
6080312
7751960
8652407
6576579
2734347
4058382
5546428
9949551
4793895
2766469
3958089
7101139
8522367
873020
414968
4441692
8092196
9226870
3290910
5063387
2895593
7267640
5841546
4760429
7513258
7713318
1505029
3629012
104738
6993436
876324
2639543
1583739
1932342
6775671
8517205
6451021
8524443
4670807
8974550
1858364
497729
5208976
8916893
4565061
522248
1181202
3229458
8066576
8684691
7007135
8302023
7974536
8176395
1780920
3143071
9234144
594273
6953130
2526148
8525428
3037968
598385
240892
5948516
2340352
123373
6167815
730922
3003922
3468374
7481765
8083425
6417792
6173152
7534596
3520807
7730959
7653325
6240103
3301411
8364587
7934390
2094599
2345112
9501917
3272243
957328
974706
2672909
9832116
8728896
6049358
5473116
1581389
3013786
1296054
3290617
3644421
6700817
4780308
6298470
7565624
5139152
6401076
4336524
8485275
993170
4984914
1259580
1009995
4449702
7740402
784280
459369
2479468
352919
753538
3477363
697313
7447360
8447625
3771030
9287913
1968398
768321
680568
1521635
7578932
4877202
1591729
7971137
8629744
3647933
9458777
1441002
3382374
1652968
4369136
8865047
2773174
6543859
2416275
6463122
6611910
1016696
4787591
3920949
3814136
4959692
2919454
5862495
2557462
7870557
4661109
5475081
6806778
157700
5181038
9283541
8325723
6337936
6379565
4389133
2644708
5216378
5525802
5686573
3435572
4409399
1571799
7773243
1970775
62500
4386124
9772671
1583130
1857365
6668005
1555748
3253720
8531812
9167050
9405945
8181665
256553
9125029
2371088
8461967
7327388
5953816
4542488
3852406
2848963
739078
2587693
9380282
7568022
5845830
6780328
5248626
4360332
5121005
9828554
1590678
5161608
3484397
2827061
2521624
8598685
1720909
2921250
5384370
5998082
1510512
6628822
252757
6673512
4456527
9378610
6362717
9875112
9211115
9331163
1507001
8544331
7983777
7603071
7840122
147101
434217
3770624
9225503
8554427
304101
3104968
1919864
2752521
1628566
4984289
9338845
7410625
4943245
7015913
8982972
7387647
7915571
9861125
1074813
5206695
8284631
1711939
7998167
1286407
3970575
4480720
5674537
7998820
7742038
9776042
813236
1649832
2498392
2402515
5944612
6914635
3605374
5972466
9727844
3096275
5046871
2848010
4788221
3378092
7402745
8932782
838846
7608576
5654444
9926338
7941924
3965693
4343662
9414788
7757911
1912846
6133872
7628565
2962988
7826073
4512772
6996208
859805
3531047
7594676
8087768
1244813
7593532
902525
6970751
3352956
7286671
2220494
6653505
9503220
5968346
9448575
2933476
3180501
6468157
308966
8497412
4543666
4987221
4041519
3930768
5493325
4285748
7877007
7194546
4709235
7559252
8372742
5673968
1819044
4739942
3472497
9668509
5131452
1398570
9053790
615174
4260987
8677280
7847375
7111559
200160
6708711
9956684
6567965
8170533
1249617
3622034
6289390
3679283
4554107
8696526
3307851
8180019
2744303
4232360
11051
1789216
7431285
7346609
6701306
1808359
5349416
312013
2489194
5714727
7256558
4821996
3673626
3637
2698996
1750299
8414670
3776440
9897350
1998365
3912207
2924144
6336801
8856822
5241485
4152980
5479701
8297780
3529177
1807287
8604503
569715
6065357
5672567
7001936
1970555
9340626
6624508
5650286
5632225
4959574
8628154
1238891
3552634
3048601
9880860
8425507
5596717
9770837
3653143
6541871
1066953
3497093
1601338
3865736
2680196
1098449
2573575
7469488
8303867
4678294
5362949
5449102
2179161
5507349
8557845
5500228
6248026
9649724
1605831
1978820
1996894
3696363
6456798
7567245
5028769
5976725
6524847
7131546
2909252
2286884
3701717
4481830
7398146
2989253
4265394
3102277
1692357
6549897
9194194
5136345
9428677
3243207
6813018
8156907
3146276
8361852
2148065
1942285
3510623
5430778
3745060
600716
3998401
90237
2722318
751821
8530381
473069
7518005
8600977
3152509
6136557
1662026
6145327
6980354
1635969
9332953
9002447
8341412
5716826
501731
5157978
1665288
1998801
45239
6133015
884087
1959646
3394594
9309205
5097259
9093508
9138814
5973732
7963266
7366051
6754754
1397740
9255371
2765802
7661712
4982946
9205585
3079363
675632
2886070
5973915
7543
1740883
6597926
9045966
7704542
2401969
8834309
6468647
7065212
9695173
9715980
644414
3248215
4983124
4525440
1865893
6858843
1933022
4558034
9965794
6016660
9925367
3112157
1181355
3686266
9477353
4184149
8134420
7954317
8496458
3215668
1302764
9269308
8860003
9803418
6826918
9730922
2627445
3611839
4228257
3873940
3151046
8716035
7259645
9748122
3796339
9632164
8134446
8739995
4969806
3552833
1992673
8635700
1762810
1232140
161562
5820622
9452420
6986741
8642541
5761444
3294188
3460666
3871107
9484840
5053382
2608789
5715935
3787160
4799959
978186
3746818
9464808
4251782
4598497
4099229
1190533
7048500
9241717
9496523
6053896
4456338
7010992
1608147
1260211
594467
8212584
704226
8677365
3803067
9881216
7746128
7873821
4461963
1589219
4703516
1349718
3431380
8382701
9189875
1817318
7590116
1446271
1405094
2068503
4718772
3052744
571582
1393242
6473906
7564885
7047473
173588
6150858
2255369
7250732
6053269
2172163
6890072
1560462
8779031
3644378
8126059
2023026
4797399
3911495
3954423
606806
8072529
291274
7216924
3900747
8357012
5815374
7460077
8257383
1678636
9336688
1254571
4571356
6978435
7835615
2112197
1697779
1663347
7057012
3464511
3038620
1455845
3714423
8505341
9573850
8502485
8978567
1172086
5204094
1716791
8247426
7745438
4105426
4652962
4236187
5925768
7447853
7345789
7955367
7192777
5055737
9541361
7999914
6494959
1152197
2646640
2867231
5570104
4686808
9122134
855203
691519
4050829
2481730
8851648
1204242
9368470
5703512
6562037
2936351
3185979
8957780
3883627
4558490
6064646
6597320
5462651
8017700
9349823
2301071
469892
5532250
9942863
5061669
3201573
409146
4898260
7950648
4045006
5105733
6441733
2115379
8394879
1075114
8098508
8239162
4646328
7027036
9111525
7660319
3585686
679687
3930774
7279289
8377939
511945
8976550
955423
1331440
7808186
5544736
5284639
5461843
3677324
7308873
6262763
8906717
9570118
208460
2718684
2398198
2476180
1086678
2023372
7623324
7046080
1436048
4312117
6974595
2155628
28351
9643783
4623368
540688
3210378
2551681
9626035
8031905
6812619
9160054
8326601
8841935
3621238
349638
4989443
1575669
7779233
4750571
42484
6763337
1861097
7351525
6224336
4906022
5114374
3897395
9997704
7997343
6693078
5489981
1050842
4387141
8193925
4851735
3701607
7254763
9759877
5544234
3577087
927903
4306424
8722000
1862133
324294
5569058
3850556
2634147
1990696
8532982
1326171
734171
4081245
8472199
44128
1719456
6294127
4970699
790540
3761176
7504327
7731410
6302891
827977
7236591
7581287
8912860
2468846
4998061
5264125
668924
9032972
5983134
4374349
8876588
7992749
3573869
6052879
2646529
3185952
9820339
3542762
3747615
4832110
2586249
325009
8337903
1818831
1819149
8294344
4350659
6126074
6550582
6752756
455132
9587455
2350333
2433191
982092
8333745
4841512
6369631
7693803
3725881
394136
8008655
559126
5306097
1659712
2451508
2847324
1052872
9495003
9651595
678894
7557658
1003481
571844
1647184
6384981
4485296
4616738
3060720
4649453
7968802
572942
4701929
783645
4815282
8856299
3427281
8891558
7377275
3864783
3562569
681728
2622037
7543786
6350906
5747506
4117934
6162745
6836354
4600662
5592878
3802378
478801
8737416
2699985
8230547
140216
3764269
4039117
2615432
2803558
3325939
7696703
1581938
2570172
6715369
866770
4383705
2264636
5485198
5537742
329856
1655129
3176000
4684983
2258363
8965083
6877452
8708933
447413
995120
2760396
5742104
7366421
1673841
4893386
2434180
4150045
1144864
2120814
3531739
7634072
9511839
6953911
3605508
5761134
5033061
2480064
6700577
8488561
4424989
1030869
5586416
1416310
6850006
8431197
3532352
6474196
4696936
6126198
2065011
1786279
9672686
7898877
6543026
4477448
9932129
3166573
4429232
1606859
2685862
5700029
1341679
1727127
2990147
9611742
1988126
9118444
1368245
1671539
2440128
3356677
8486019
6559427
4386827
9924629
3596983
8366480
6971656
8413766
1370494
3660754
3247795
4941532
5177741
3346743
